0	793.2373	
100	1251.5084	
200	569.2881	
300	1050.1694	
400	1002.0170	
500	1230.9661	
600	1195.5763	
700	713.7627	
800	1111.7627	
900	1420.6271	
1000	842.5085	
1100	1487.8474	
1200	1842.1526	
1300	2861.3560	
1400	2076.1018	
1500	2687.7119	
1600	2171.7966	
1700	2812.9153	
1800	2194.9832	
1900	2777.1018	
2000	2612.8306	
2100	2681.7119	
2200	2998.2205	
2300	3468.4575	
2400	2380.1694	
2500	2923.7966	
2600	2749.5762	
2700	2775.9492	
2800	1974.5424	
2900	2452.5593	
3000	2795.6948	
3100	3274.9321	
3200	3411.1865	
3300	4298.2202	
3400	3302.6272	
3500	2523.3560	
3600	3203.9492	
3700	2506.5085	
3800	2736.6101	
3900	2533.9661	
4000	3127.4746	
4100	3628.2712	
4200	3594.5933	
4300	3576.8474	
4400	3285.5593	
4500	2548.1694	
4600	2791.0679	
4700	2509.4407	
4800	3298.5762	
4900	3820.8645	
5000	3016.7458	
5100	2787.1355	
5200	2577.5085	
5300	2698.0168	
5400	3392.4238	
5500	1790.2373	
5600	3165.4915	
5700	2776.5085	
5800	2451.6780	
5900	2918.1694	
6000	3346.0000	
6100	3612.9153	
6200	3062.7288	
6300	3978.1526	
6400	3736.6440	
6500	3652.2034	
6600	3046.0339	
6700	2594.8474	
6800	3401.6948	
6900	3003.0000	
7000	3912.5425	
7100	4263.3730	
7200	4129.6948	
7300	2706.7119	
7400	2963.4067	
7500	2420.0508	
7600	2805.7627	
7700	3410.8135	
7800	3506.3728	
7900	3210.8813	
8000	3660.5254	
8100	4273.2373	
8200	3924.2205	
8300	3569.5085	
8400	3177.0339	
8500	3153.9153	
8600	3677.1187	
8700	3292.2712	
8800	2992.9321	
8900	3222.2712	
9000	3215.6780	
9100	4101.5083	
9200	4004.9153	
9300	3493.8645	
9400	3284.4915	
9500	3576.8135	
9600	3372.6272	
9700	2990.7627	
9800	4019.0679	
9900	3874.3389	
10000	3245.7288	
10100	3986.3560	
10200	4129.0508	
10300	3896.9492	
10400	3572.8645	
10500	3817.3220	
10600	3838.3899	
10700	4542.3896	
10800	3477.0339	
10900	3638.8982	
11000	2890.3560	
11100	3441.5762	
11200	3811.6611	
11300	4187.9663	
11400	3055.7119	
11500	2948.0339	
11600	3811.4746	
11700	3720.2881	
11800	3408.1694	
11900	2261.1355	
12000	3572.4067	
12100	3148.2034	
12200	3599.7627	
12300	3513.4746	
12400	4282.7290	
12500	3462.6948	
12600	4253.6611	
12700	3033.6101	
12800	2416.3389	
12900	3466.8813	
13000	3165.9153	
13100	3767.1187	
13200	3801.4238	
13300	3861.2542	
13400	4082.1865	
13500	3588.9321	
13600	3704.2542	
13700	4014.7288	
13800	3676.1355	
13900	3336.2373	
14000	3119.5762	
14100	3291.1865	
14200	3931.9832	
14300	3571.9321	
14400	4318.6270	
14500	3868.6780	
14600	4286.6104	
14700	3249.7966	
14800	3648.5933	
14900	2853.0339	
15000	3190.3052	
15100	3601.5593	
15200	4477.9829	
15300	2625.4575	
15400	3156.1355	
15500	2727.0847	
15600	4188.2036	
15700	4476.1357	
15800	3390.4575	
15900	3112.7795	
16000	3715.2542	
16100	5063.5762	
16200	3457.0508	
16300	4791.9321	
16400	2909.0339	
16500	4405.5083	
16600	4318.1016	
16700	3584.1526	
16800	4021.1187	
16900	4565.8306	
17000	5452.7290	
17100	3940.0847	
17200	4859.6948	
17300	3988.3728	
17400	3230.6440	
17500	4071.3899	
17600	4366.2036	
17700	4145.8813	
17800	5000.9829	
17900	4836.5591	
18000	4416.1865	
18100	4359.5254	
18200	3926.0508	
18300	4876.5591	
18400	5242.3560	
18500	3951.6101	
18600	4616.2544	
18700	4883.7119	
18800	4320.0850	
18900	5295.8813	
19000	4828.7290	
19100	4476.3389	
19200	5451.6611	
19300	5032.2202	
19400	5742.6104	
19500	4424.7119	
19600	4961.1016	
19700	5475.0000	
19800	4958.9829	
19900	5631.2881	
20000	4326.5591	
20100	4442.7290	
20200	4614.9150	
20300	4659.8306	
20400	4608.0679	
20500	5161.2710	
20600	5402.2036	
20700	5804.2881	
20800	5240.4238	
20900	4742.9492	
21000	4319.5591	
21100	4528.2544	
21200	5222.3896	
21300	5066.5762	
21400	5089.0000	
21500	5938.8306	
21600	4866.9663	
21700	5629.0171	
21800	5472.1016	
21900	5416.0508	
22000	4613.0171	
22100	6522.7627	
22200	6213.0000	
22300	5344.1523	
22400	5130.0679	
22500	5942.1357	
22600	5569.3560	
22700	5889.0679	
22800	5874.3896	
22900	5917.8984	
23000	5801.3560	
23100	6875.0679	
23200	7433.6777	
23300	8037.0171	
23400	9016.7793	
23500	9946.3389	
23600	10715.4238	
23700	11611.0674	
23800	12267.1016	
23900	11776.4238	
24000	12655.8643	
24100	12311.5420	
24200	12926.0508	
24300	12834.3223	
24400	12921.9834	
24500	12987.1523	
24600	13758.2373	
24700	15615.2539	
24800	17950.8301	
24900	19928.2031	
25000	21717.5078	
25100	23824.7793	
25200	24176.7285	
25300	19672.5938	
25400	13973.3555	
25500	10005.0000	
25600	8717.9658	
25700	7868.6270	
25800	6815.6270	
25900	7862.7119	
26000	6726.7456	
26100	6159.4746	
26200	6855.9321	
26300	4917.2710	
26400	5048.1523	
26500	5609.5933	
26600	6120.8984	
26700	6406.6611	
26800	5758.3052	
26900	5880.0508	
27000	6286.1523	
27100	4948.8643	
27200	5323.2373	
27300	5197.8813	
27400	5702.8984	
27500	5054.2710	
27600	5615.4409	
27700	4980.3560	
27800	5864.5083	
27900	5470.7798	
28000	5886.6611	
28100	5310.3730	
28200	5854.8643	
28300	5681.6270	
28400	5604.7290	
28500	5480.3389	
28600	5118.3389	
28700	6428.1357	
28800	5926.2881	
28900	6526.7290	
29000	6829.4067	
29100	7980.9663	
29200	5984.5762	
29300	7992.5591	
29400	7785.1694	
29500	8888.5420	
29600	8802.5928	
29700	9369.8984	
29800	10117.4580	
29900	9856.1182	
30000	11036.8135	
30100	11626.2881	
30200	12622.5254	
30300	13743.9834	
30400	14829.8301	
30500	17693.5078	
30600	19461.7637	
30700	20406.9492	
30800	22028.5078	
30900	24461.6270	
31000	27569.4922	
31100	33102.6797	
31200	41205.4922	
31300	44967.4062	
31400	42767.7969	
31500	37026.5078	
31600	31765.1016	
31700	28621.2891	
31800	27198.2715	
31900	25947.2207	
32000	25311.8145	
32100	24454.5254	
32200	24230.2891	
32300	25370.9668	
32400	30056.2363	
32500	37050.4414	
32600	39295.4727	
32700	37847.3555	
32800	34445.3203	
32900	30167.8301	
33000	26843.1348	
33100	23928.1016	
33200	22411.5078	
33300	21097.7285	
33400	19610.7285	
33500	18984.5254	
33600	18528.0176	
33700	17857.4062	
33800	17255.7793	
33900	16953.3555	
34000	16362.1523	
34100	16383.3223	
34200	15721.9326	
34300	15395.4404	
34400	14718.8477	
34500	14891.2031	
34600	13868.5928	
34700	13191.1865	
34800	12763.6611	
34900	12108.3223	
35000	13039.1523	
35100	12411.3896	
35200	11690.9658	
35300	11280.0508	
35400	10897.6953	
35500	9471.8643	
35600	11039.2881	
35700	9512.1699	
35800	9389.1016	
35900	8562.3555	
36000	9462.8301	
36100	7884.2710	
36200	8014.9829	
36300	8220.8477	
36400	7380.5933	
36500	6356.0337	
36600	6633.9492	
36700	6015.2373	
36800	5402.7119	
36900	5363.3896	
37000	4846.1523	
37100	5364.7290	
37200	4579.3730	
37300	5091.4238	
37400	4997.3052	
37500	3917.1187	
37600	5142.9829	
37700	4278.8813	
37800	3910.7795	
37900	4324.2373	
38000	4743.1523	
38100	4223.4067	
38200	3142.2034	
38300	3813.2034	
38400	4677.3052	
38500	3889.5762	
38600	3648.6611	
38700	3875.5085	
38800	4267.2710	
38900	4536.7290	
39000	3849.1694	
39100	3135.2712	
39200	4260.2036	
39300	3388.3220	
39400	4036.1355	
39500	3144.2542	
39600	3541.3560	
39700	3157.7966	
39800	3211.1187	
39900	3447.1865	
40000	3307.2034	
40100	3865.3899	
40200	3842.1694	
40300	2527.0339	
40400	2728.4575	
40500	3176.9832	
40600	4350.8477	
40700	4100.8813	
40800	3686.1355	
40900	3724.1187	
41000	2524.7458	
41100	2393.4746	
41200	2235.4915	
41300	2689.5593	
41400	2744.5085	
41500	3593.0508	
41600	2888.3899	
41700	3054.9321	
41800	2794.9832	
41900	2671.2034	
42000	3340.3052	
42100	2542.1865	
42200	3614.3220	
42300	3417.2542	
42400	3227.3560	
42500	3989.7119	
42600	3400.8474	
42700	3515.9661	
42800	3177.6440	
42900	3225.8474	
43000	3308.1526	
43100	3394.4915	
43200	3313.8982	
43300	2751.2034	
43400	2856.3899	
43500	2759.5085	
43600	3495.7627	
43700	3885.7966	
43800	2151.0339	
43900	3153.7966	
44000	2944.0339	
44100	2558.3389	
44200	2699.6272	
44300	2918.1355	
44400	2436.6272	
44500	1988.0509	
44600	2493.2034	
44700	2669.2205	
44800	2733.2205	
44900	2736.2373	
45000	3100.7966	
45100	3009.8306	
45200	2573.9832	
45300	2485.7288	
45400	3198.3389	
45500	1988.3390	
45600	2926.1865	
45700	1937.9491	
45800	2961.3560	
45900	2697.5593	
46000	3544.5933	
46100	2367.3728	
46200	2319.7627	
46300	2715.3728	
46400	3121.4915	
46500	3224.5933	
46600	3225.6611	
46700	2649.4915	
46800	3429.3389	
46900	3547.2542	
47000	1977.9491	
47100	2362.8982	
47200	2867.0168	
47300	2563.4575	
47400	4287.6104	
47500	3211.2712	
47600	4945.6270	
47700	5966.4067	
47800	7849.3223	
47900	7311.0337	
48000	6946.3730	
48100	7281.5933	
48200	7095.4575	
48300	6389.7119	
48400	6798.4067	
48500	6235.7119	
48600	7221.0000	
48700	6413.7798	
48800	6904.5933	
48900	6490.2036	
49000	6740.1187	
49100	6659.1523	
49200	6433.2036	
49300	7798.3730	
49400	7589.7627	
49500	8078.2710	
49600	7322.4917	
49700	7766.0337	
49800	7641.6611	
49900	6163.3560	
50000	6715.2036	
50100	6474.5762	
50200	6539.7964	
50300	6183.4067	
50400	7359.3560	
50500	6911.8643	
50600	6309.2202	
50700	6497.1357	
50800	5532.1187	
50900	5782.5425	
51000	5814.4746	
51100	5728.9829	
51200	4945.4067	
51300	6365.1016	
51400	6053.8813	
51500	6398.4238	
51600	5698.5425	
51700	6106.4409	
51800	5552.8813	
51900	6298.8813	
52000	6245.1694	
52100	6522.2544	
52200	6611.8135	
52300	6802.4917	
52400	5659.3052	
52500	6216.6440	
52600	5467.6777	
52700	6220.4575	
52800	5090.0000	
52900	6036.3896	
53000	6728.1016	
53100	7341.4409	
53200	6324.3896	
53300	7693.8306	
53400	7057.3223	
53500	7176.6104	
53600	7384.8984	
53700	7181.6948	
53800	6640.5083	
53900	6555.3052	
54000	7003.1523	
54100	7340.7798	
54200	7077.5933	
54300	8166.7627	
54400	7932.8306	
54500	8049.1694	
54600	8309.1357	
54700	9335.2881	
54800	9683.1865	
54900	9708.1357	
55000	10144.4072	
55100	10134.3223	
55200	9803.0674	
55300	10448.6445	
55400	10999.8135	
55500	10759.8135	
55600	10777.7119	
55700	9631.5762	
55800	9813.6953	
55900	9948.0850	
56000	9109.1016	
56100	8043.5933	
56200	8926.4238	
56300	7072.8813	
56400	8235.1523	
56500	7657.8477	
56600	7867.5254	
56700	7836.0679	
56800	7803.6777	
56900	7119.4409	
57000	7885.0679	
57100	8586.0342	
57200	8549.0342	
57300	8375.1016	
57400	8053.4238	
57500	9013.6445	
57600	9630.9150	
57700	9517.8984	
57800	8808.8984	
57900	9532.9150	
58000	6743.6440	
58100	7039.2036	
58200	7772.6270	
58300	7790.8813	
58400	7621.8984	
58500	7785.2544	
58600	6421.1187	
58700	7719.3052	
58800	7267.7456	
58900	7668.1016	
59000	6490.7456	
59100	6873.2710	
59200	7814.3052	
59300	7727.5425	
59400	7375.4238	
59500	7012.0000	
59600	7819.3389	
59700	7405.4409	
59800	7466.2202	
59900	7687.3223	
60000	7930.4746	
60100	8749.3047	
60200	9308.8301	
60300	8151.3896	
60400	7005.7964	
60500	6879.2881	
60600	7980.3560	
60700	8349.7119	
60800	7116.8643	
60900	7149.4575	
61000	7028.3730	
61100	8174.1694	
61200	7019.2202	
61300	7360.0337	
61400	6533.3052	
61500	6656.2881	
61600	8023.2710	
61700	8042.3389	
61800	7165.6948	
61900	7253.7627	
62000	7899.3730	
62100	7638.3389	
62200	7704.1357	
62300	7618.4575	
62400	7480.0000	
62500	8030.0850	
62600	7588.1694	
62700	6918.9492	
62800	7690.4917	
62900	7356.2036	
63000	8896.6777	
63100	8130.6440	
63200	7982.2373	
63300	7822.4917	
63400	7459.9829	
63500	7888.7798	
63600	7746.3560	
63700	6994.0337	
63800	7149.7119	
63900	7327.8643	
64000	7901.6777	
64100	8017.0000	
64200	7094.7964	
64300	7389.2036	
64400	7470.8306	
64500	7075.7290	
64600	6329.5933	
64700	7618.1523	
64800	7031.3896	
64900	7541.4238	
65000	7987.5254	
65100	8134.0679	
65200	7317.6948	
65300	7605.4238	
65400	8610.4580	
65500	6973.7119	
65600	7634.0337	
65700	7368.1357	
65800	6577.8643	
65900	7514.2710	
66000	7446.5591	
66100	8218.2539	
66200	7968.8477	
66300	7411.1865	
66400	7167.1357	
66500	7567.0508	
66600	8281.1699	
66700	7924.8984	
66800	7965.1187	
66900	8014.2373	
67000	8324.7119	
67100	8568.3389	
67200	9172.5596	
67300	8435.9492	
67400	8805.9492	
67500	8341.0508	
67600	8513.9492	
67700	9246.7793	
67800	9524.8477	
67900	8831.5420	
68000	8769.5762	
68100	7125.7119	
68200	8097.7798	
68300	7872.7627	
68400	9269.0342	
68500	8712.2207	
68600	8480.5762	
68700	8577.6953	
68800	8066.1357	
68900	9090.2539	
69000	8694.6270	
69100	8633.9834	
69200	7224.9150	
69300	8287.5254	
69400	7710.4067	
69500	8253.5254	
69600	7573.8135	
69700	6865.4067	
69800	7076.6777	
69900	7343.1694	
70000	6544.2881	
70100	7096.7119	
70200	6402.0337	
70300	7643.2544	
70400	6373.1016	
70500	6692.2544	
70600	6374.8813	
70700	6799.5425	
70800	6171.1187	
70900	6943.4067	
71000	7363.4067	
71100	7324.8984	
71200	6724.6440	
71300	6904.5254	
71400	7248.2881	
71500	7333.1357	
71600	5860.9150	
71700	7099.8643	
71800	6371.3896	
71900	6749.9492	
72000	5540.5083	
72100	7198.6104	
72200	5205.5254	
72300	5761.2881	
72400	5643.6104	
72500	5539.8813	
72600	5643.5254	
72700	5469.8477	
72800	5070.8306	
72900	5510.6948	
73000	5394.9321	
73100	5552.6948	
73200	6625.9492	
73300	6484.5591	
73400	5949.4575	
73500	6418.9829	
73600	7097.2202	
73700	5662.3052	
73800	7141.1865	
73900	7863.8306	
74000	6572.8643	
74100	6001.8306	
74200	6665.3896	
74300	6265.6104	
74400	5476.4238	
74500	5130.8813	
74600	6464.2710	
74700	5273.0171	
74800	5691.4067	
74900	5860.4067	
75000	5641.5762	
75100	5942.7119	
75200	5968.2036	
75300	6924.0850	
75400	5344.8643	
75500	6181.2881	
75600	5633.8477	
75700	5831.4746	
75800	4577.2373	
75900	5996.9321	
76000	6173.7627	
76100	5668.4746	
76200	5002.7964	
76300	6357.2202	
76400	6187.4917	
76500	7102.2036	
76600	5292.4238	
76700	5378.2036	
76800	5642.4067	
76900	5729.3389	
77000	5943.4238	
77100	5905.3052	
77200	4941.5425	
77300	5679.5591	
77400	5346.3389	
77500	5798.1865	
77600	5992.9492	
77700	6162.3560	
77800	5346.6948	
77900	5257.0850	
78000	5249.7964	
78100	5718.9663	
78200	6165.5425	
78300	7189.2710	
78400	5413.3389	
78500	5954.4575	
78600	5791.8306	
78700	6442.4746	
78800	6183.9492	
78900	5558.0171	
79000	6077.0000	
79100	7355.5425	
79200	6741.4409	
79300	7269.6104	
79400	8920.6270	
79500	9109.7793	
79600	11102.5928	
79700	11961.4580	
79800	13159.9326	
79900	15243.3730	
80000	17375.0000	
80100	18721.9824	
80200	19850.0840	
80300	18132.2207	
80400	16975.8809	
80500	15919.0000	
80600	13336.1865	
80700	10878.3730	
80800	9769.3555	
80900	9181.3389	
81000	9678.7119	
81100	8430.3730	
81200	7999.4067	
81300	7519.8135	
81400	7690.0679	
81500	7526.6948	
81600	7158.4917	
81700	5866.8813	
81800	5808.0337	
81900	5828.2202	
82000	6387.1523	
82100	5483.1016	
82200	5523.4067	
82300	5570.0171	
82400	5278.8813	
82500	6532.3052	
82600	6182.9492	
82700	6913.2202	
82800	6701.4746	
82900	8471.4238	
83000	9422.1182	
83100	10105.8301	
83200	10444.0342	
83300	11171.3555	
83400	9293.9658	
83500	7503.6104	
83600	7271.3896	
83700	6289.1694	
83800	6552.8477	
83900	5610.4409	
84000	6297.0679	
84100	6565.4067	
84200	5872.9492	
84300	4787.4575	
84400	5081.2373	
84500	5116.0850	
84600	6228.6611	
84700	5314.5083	
84800	5194.5933	
84900	5590.0679	
85000	4899.2710	
85100	5026.4575	
85200	6086.5083	
85300	4815.8135	
85400	4988.0000	
85500	5314.5762	
85600	6207.0508	
85700	5693.7119	
85800	4330.0679	
85900	5116.8135	
86000	5971.5933	
86100	5382.2036	
86200	4815.8135	
86300	5045.8984	
86400	5505.1357	
86500	4429.6948	
86600	5179.5083	
86700	5692.2710	
86800	5075.5254	
86900	5066.6948	
87000	4950.9829	
87100	5011.6948	
87200	4831.6948	
87300	4995.1357	
87400	5734.1523	
87500	5207.1523	
87600	4863.5083	
87700	5091.0679	
87800	5114.1865	
87900	5333.7456	
88000	5090.7119	
88100	5044.0850	
88200	5508.3389	
88300	3854.5933	
88400	5173.9492	
88500	4897.2881	
88600	5137.7964	
88700	5177.9321	
88800	5823.6440	
88900	5103.2544	
89000	4497.4575	
89100	5484.1187	
89200	5466.9150	
89300	5405.5762	
89400	5142.1187	
89500	5363.6948	
89600	4812.2036	
89700	5796.6611	
89800	5241.2544	
89900	5031.9321	
90000	6064.2373	
90100	5765.2036	
90200	4868.5083	
90300	5100.7456	
90400	5640.2373	
90500	5576.3223	
90600	4681.4746	
90700	4757.7798	
90800	5001.9492	
90900	5167.0679	
91000	4874.2544	
91100	5184.5083	
91200	5917.0000	
91300	5314.2036	
91400	4922.3896	
91500	4357.9663	
91600	4302.7119	
91700	4229.9663	
91800	4682.1523	
91900	4724.2881	
92000	5478.7119	
92100	5361.1694	
92200	4485.4917	
92300	5812.4067	
92400	5021.7456	
92500	5490.7627	
92600	4513.4746	
92700	5195.8984	
92800	4930.7798	
92900	4803.7456	
93000	5306.7627	
93100	5258.2202	
93200	5437.2881	
93300	4714.0508	
93400	5247.3896	
93500	5426.3389	
93600	5926.9663	
93700	5735.8813	
93800	5604.8477	
93900	5852.6104	
94000	4927.4746	
94100	6367.5762	
94200	4650.4238	
94300	6219.5254	
94400	5594.6270	
94500	5175.0850	
94600	4759.5591	
94700	5382.4746	
94800	5768.7964	
94900	5564.4067	
95000	5872.7119	
95100	5577.1187	
95200	5814.9150	
95300	4795.5762	
95400	5103.4238	
95500	5370.1865	
95600	5651.0000	
95700	4642.8477	
95800	4853.8135	
95900	5765.6777	
96000	5249.9663	
96100	4872.6948	
96200	5233.0850	
96300	5652.7290	
96400	5394.4238	
96500	5336.4746	
96600	4717.7627	
96700	4799.2373	
96800	4756.2036	
96900	5643.7627	
97000	5210.0508	
97100	5967.0000	
97200	5381.6777	
97300	5010.3896	
97400	5085.9150	
97500	5339.4575	
97600	5136.8135	
97700	5870.8813	
97800	5155.3560	
97900	6112.3223	
98000	4444.8643	
98100	4640.8306	
98200	4628.4917	
98300	5157.0000	
98400	5790.2881	
98500	5161.9492	
98600	4468.1357	
98700	5142.2036	
98800	5234.5254	
98900	4750.4917	
99000	4911.3560	
99100	4502.0171	
99200	4607.6104	
99300	4954.8135	
99400	5993.1357	
99500	4976.4746	
99600	6198.1357	
99700	6062.1357	
99800	5173.4409	
99900	5342.0171	
100000	5899.1016	
100100	5012.5254	
100200	5457.8984	
100300	4699.2036	
100400	4921.9663	
100500	4999.6777	
100600	4959.5591	
100700	5407.4575	
100800	4809.5762	
100900	5185.2373	
101000	4159.4067	
101100	5801.6948	
101200	5233.4575	
101300	5350.1187	
101400	4989.5933	
101500	5413.0508	
101600	5256.5762	
101700	5570.7964	
101800	5399.6948	
101900	5779.2881	
102000	5805.8306	
102100	5169.6948	
102200	5633.5591	
102300	5309.7798	
102400	6273.2202	
102500	5951.4238	
102600	5909.0508	
102700	5088.3730	
102800	5382.2202	
102900	5614.8477	
103000	5266.9321	
103100	4609.7627	
103200	5004.4409	
103300	5318.3223	
103400	5411.9829	
103500	6211.5425	
103600	5665.4746	
103700	5334.1016	
103800	6221.5083	
103900	5430.5254	
104000	5641.0679	
104100	5373.5425	
104200	4806.3896	
104300	5961.1187	
104400	6389.5762	
104500	6175.2036	
104600	6873.7456	
104700	6458.9492	
104800	7183.2710	
104900	7006.2036	
105000	7109.0508	
105100	6917.1865	
105200	7486.1694	
105300	6586.0850	
105400	6790.9492	
105500	7209.5591	
105600	7223.6104	
105700	6592.9150	
105800	6885.3560	
105900	5938.8984	
106000	6645.2036	
106100	6411.0000	
106200	6112.1865	
106300	6046.5762	
106400	7114.6777	
106500	5797.9829	
106600	5766.4746	
106700	5519.9829	
106800	5649.3052	
106900	4773.8643	
107000	5016.6104	
107100	5952.3223	
107200	5836.2202	
107300	6053.1016	
107400	5897.5254	
107500	5715.0000	
107600	6046.3223	
107700	4913.6440	
107800	5626.8813	
107900	5115.0850	
108000	5958.8984	
108100	5825.7627	
108200	5767.5591	
108300	5093.7456	
108400	5345.0679	
108500	5755.8306	
108600	5249.4917	
108700	6909.1694	
108800	5463.1357	
108900	5727.3560	
109000	4934.6948	
109100	4500.4917	
109200	5178.6948	
109300	5069.8477	
109400	5145.6104	
109500	4934.1523	
109600	4765.2036	
109700	6335.6270	
109800	4754.9829	
109900	5571.2544	
110000	5619.7627	
110100	5590.1865	
110200	5189.5762	
110300	5676.8984	
110400	5923.2202	
110500	5857.8813	
110600	6082.0679	
110700	5496.1694	
110800	4677.3052	
110900	5318.4238	
111000	5649.2202	
111100	5738.8306	
111200	5627.3730	
111300	4897.6611	
111400	5310.2544	
111500	4638.2710	
111600	5564.3896	
111700	5648.1187	
111800	5615.8813	
111900	5670.7290	
112000	5780.3389	
112100	6580.3052	
112200	6717.4067	
112300	8485.1357	
112400	8476.6445	
112500	10909.0000	
112600	13617.1523	
112700	16463.1348	
112800	18128.3906	
112900	18980.5254	
113000	17371.0840	
113100	16718.1523	
113200	15359.6953	
113300	13130.2715	
113400	9421.6104	
113500	8620.5596	
113600	7953.9663	
113700	7325.6948	
113800	5960.8643	
113900	6727.2881	
114000	6219.0171	
114100	7115.3223	
114200	5964.7456	
114300	6285.2881	
114400	5535.8306	
114500	5306.7456	
114600	5712.5762	
114700	5269.3896	
114800	5608.8984	
114900	5049.1694	
115000	5708.5254	
115100	4789.8135	
115200	4834.2373	
115300	6013.3223	
115400	6494.5933	
115500	5973.5425	
115600	5047.8984	
115700	5762.5762	
115800	6557.2881	
115900	5059.8984	
116000	6029.9663	
116100	5070.8643	
116200	5531.2881	
116300	6044.6104	
116400	5352.4575	
116500	5818.4409	
116600	7289.8984	
116700	7905.2544	
116800	8199.5254	
116900	8203.7969	
117000	7407.9829	
117100	8001.5591	
117200	7549.4917	
117300	7251.6104	
117400	7318.5591	
117500	6432.2036	
117600	6501.9829	
117700	5278.1694	
117800	5812.1865	
117900	5344.7456	
118000	5162.8813	
118100	5175.8813	
118200	5044.0679	
118300	4321.7290	
118400	5206.2881	
118500	5668.9150	
118600	6235.2202	
118700	5092.4238	
118800	4700.8135	
118900	5049.0850	
119000	4607.0337	
119100	5361.8813	
119200	5098.2710	
119300	4914.1865	
119400	4185.5425	
119500	4897.3730	
119600	4201.2202	
119700	4332.0679	
119800	4532.0679	
119900	5035.1694	
120000	4240.9663	
120100	4760.5254	
120200	5241.8813	
120300	4417.3223	
120400	4681.3560	
120500	5076.2202	
120600	4950.6777	
120700	4874.5591	
120800	4467.8984	
120900	4939.7456	
121000	4885.3223	
121100	4594.8135	
121200	4108.3389	
121300	5454.9321	
121400	5481.8135	
121500	5366.1016	
121600	4782.8984	
121700	5440.3389	
121800	4454.3560	
121900	5263.5591	
122000	5339.0000	
122100	5239.1523	
122200	4711.0850	
122300	4937.5933	
122400	4764.3730	
122500	5103.1523	
122600	5227.8306	
122700	5100.7798	
122800	5237.2881	
122900	4386.8643	
123000	4304.7627	
123100	5568.7627	
123200	5510.5425	
123300	4402.4067	
123400	5933.2710	
123500	3842.4915	
123600	4773.2036	
123700	4985.4067	
123800	4668.2202	
123900	4507.0508	
124000	5031.2373	
124100	4722.4746	
124200	4572.2373	
124300	5209.9663	
124400	4765.0337	
124500	4491.5933	
124600	4063.2205	
124700	5536.4575	
124800	4234.2881	
124900	4551.4409	
125000	4728.0679	
125100	5124.3052	
125200	5325.5762	
125300	5678.5762	
125400	5316.0850	
125500	4998.1357	
125600	4201.5425	
125700	5104.4409	
125800	3686.7288	
125900	4731.4746	
126000	4648.1694	
126100	5385.8813	
126200	4688.6104	
126300	4865.6948	
126400	5214.3730	
126500	5291.4067	
126600	5483.8984	
126700	4855.6270	
126800	4848.9492	
126900	4925.4238	
127000	4949.3560	
127100	6601.4067	
127200	5946.9829	
127300	5339.5254	
127400	6177.0337	
127500	7294.8306	
127600	8399.8135	
127700	10798.3223	
127800	13461.5088	
127900	17100.9492	
128000	17380.4062	
128100	15123.4404	
128200	14043.1699	
128300	14164.2715	
128400	13350.6270	
128500	11879.8818	
128600	9483.9658	
128700	7919.6948	
128800	7562.4746	
128900	6374.7627	
129000	5319.0337	
129100	5704.9829	
129200	5837.2881	
129300	6387.4409	
129400	6722.6104	
129500	5539.2881	
129600	5560.8477	
129700	5774.8135	
129800	6002.3389	
129900	5428.0000	
130000	4931.6948	
130100	5442.0679	
130200	4937.1694	
130300	5483.7964	
130400	5531.3223	
130500	4401.0337	
130600	4569.4409	
130700	4866.2881	
130800	5483.3730	
130900	4784.3896	
131000	4674.1016	
131100	5138.4917	
131200	5814.4238	
131300	6015.2373	
131400	4761.7798	
131500	5103.9321	
131600	4377.1016	
131700	6071.0508	
131800	5395.7456	
131900	4795.3223	
132000	5238.8984	
132100	5320.3560	
132200	6223.7798	
132300	4766.5591	
132400	5198.2202	
132500	6430.0000	
132600	7089.8477	
132700	7614.9150	
132800	7014.3896	
132900	6728.9321	
133000	5564.3896	
133100	5716.2710	
133200	6549.3560	
133300	5657.1016	
133400	4800.8984	
133500	5319.4238	
133600	5779.5933	
133700	4431.7627	
133800	5525.3052	
133900	4009.3220	
134000	4843.2202	
134100	5309.1694	
134200	5918.4746	
134300	5573.0679	
134400	4661.4575	
134500	5002.5591	
134600	5028.1187	
134700	4243.0679	
134800	4350.0337	
134900	4994.1187	
135000	4923.5762	
135100	4959.5591	
135200	5199.3223	
135300	5214.4575	
135400	4946.5762	
135500	5077.6948	
135600	5634.0171	
135700	5084.2710	
135800	5493.8813	
135900	5144.2544	
136000	4528.0171	
136100	5242.0337	
136200	4739.1187	
136300	4852.1357	
136400	3989.5254	
136500	6323.3560	
136600	5273.2036	
136700	5066.2202	
136800	4798.4575	
136900	5015.4238	
137000	4930.7798	
137100	5726.5591	
137200	5870.9829	
137300	5685.3896	
137400	4798.2373	
137500	4113.0337	
137600	4907.6777	
137700	4147.6611	
137800	4318.0850	
137900	4758.3730	
138000	4588.8813	
138100	4698.0508	
138200	4742.4409	
138300	4156.1865	
138400	4244.2373	
138500	4593.9321	
138600	4984.1523	
138700	4006.6948	
138800	4341.9492	
138900	4307.3560	
139000	4342.3052	
139100	4620.7798	
139200	4349.7456	
139300	4854.9663	
139400	4771.0850	
139500	4927.8306	
139600	4232.6270	
139700	5110.3560	
139800	5360.4575	
139900	5089.8477	
140000	5132.2373	
140100	4834.3223	
140200	5127.4238	
140300	4682.8477	
140400	4626.0171	
140500	4738.6440	
140600	5027.4917	
140700	5779.7798	
140800	6004.1187	
140900	4910.0850	
141000	5221.4238	
141100	5090.3052	
141200	4773.0679	
141300	5255.2036	
141400	4689.1187	
141500	5101.8135	
141600	4466.7456	
141700	4122.1187	
141800	5034.4575	
141900	4913.6104	
142000	5119.1865	
142100	4676.0171	
142200	4046.8645	
142300	3682.9153	
142400	4363.0000	
142500	4144.7456	
142600	4449.2202	
142700	5212.6104	
142800	5683.7964	
142900	5112.9321	
143000	4937.1694	
143100	4306.5425	
143200	4947.5254	
143300	4745.1357	
143400	4689.5083	
143500	5839.9150	
143600	4639.3389	
143700	5487.8643	
143800	4579.1694	
143900	4885.4409	
144000	4440.2881	
144100	5332.0337	
144200	4799.7627	
144300	5154.7964	
144400	4996.7964	
144500	5494.2202	
144600	4144.0337	
144700	5498.9492	
144800	5211.0171	
144900	4252.0850	
145000	4980.7290	
145100	4851.8813	
145200	4605.6104	
145300	4446.8813	
145400	4993.6611	
145500	4756.3223	
145600	5258.6948	
145700	4456.2710	
145800	5171.7964	
145900	5048.6777	
146000	4589.2373	
146100	4884.6440	
146200	4237.5762	
146300	5158.4409	
146400	3910.4575	
146500	5015.5591	
146600	4454.1865	
146700	5463.2710	
146800	4904.6104	
146900	4397.2881	
147000	4351.2202	
147100	5108.3896	
147200	5020.1694	
147300	5207.0850	
147400	5266.5083	
147500	4784.7964	
147600	5446.4238	
147700	5190.4746	
147800	5755.9663	
147900	4287.0679	
148000	4701.5933	
148100	5663.6440	
148200	4931.4575	
148300	5565.5083	
148400	5498.8477	
148500	4556.5933	
148600	4507.0171	
148700	5554.6777	
148800	5346.9663	
148900	5111.9829	
149000	4722.5254	
149100	5783.1016	
149200	5381.8135	
149300	5008.0679	
149400	5430.8984	
149500	5921.1357	
149600	5389.0171	
149700	5145.8306	
149800	4558.6777	
149900	4654.8135	
150000	6509.2036	
150100	7295.2881	
150200	7936.0000	
150300	9046.1182	
150400	9041.0166	
150500	8885.5928	
150600	8100.8477	
150700	7356.8643	
150800	7332.8984	
150900	7657.2881	
151000	6654.9829	
151100	5338.4067	
151200	5891.2202	
151300	4960.6104	
151400	5185.9663	
151500	4273.1523	
151600	4659.2881	
151700	5378.8643	
151800	5447.2373	
151900	4964.3223	
152000	4867.9321	
152100	4259.7964	
152200	3403.6101	
152300	5277.8477	
152400	4813.2710	
152500	5051.4238	
152600	4151.7119	
152700	5578.9492	
152800	4796.6611	
152900	5352.2544	
153000	6019.4067	
153100	6372.7964	
153200	5489.0850	
153300	4309.6948	
153400	4461.7964	
153500	5859.3052	
153600	4755.9150	
153700	5105.5591	
153800	5386.0171	
153900	5089.2202	
154000	5604.7119	
154100	5014.1865	
154200	5390.0000	
154300	5193.8306	
154400	5409.9150	
154500	5219.5254	
154600	5107.9150	
154700	5710.8135	
154800	5098.3896	
154900	5093.5762	
155000	4479.5083	
155100	5073.5425	
155200	5823.3052	
155300	5297.6777	
155400	5150.7798	
155500	4621.6948	
155600	4540.7119	
155700	5533.8984	
155800	5194.7119	
155900	6013.9663	
156000	6224.8643	
156100	6208.6270	
156200	5015.6104	
156300	5099.3389	
156400	5270.1187	
156500	4999.7798	
156600	5581.3389	
156700	5703.8135	
156800	4486.0508	
156900	4899.6948	
157000	4800.0337	
157100	4442.2544	
157200	4869.5254	
157300	4716.7627	
157400	4984.2710	
157500	4776.3223	
157600	5171.7964	
157700	4298.0850	
157800	4485.3560	
157900	4498.6104	
158000	4254.8306	
158100	4851.3052	
158200	5194.7456	
158300	5393.2036	
158400	5434.9492	
158500	5283.0337	
158600	5057.2881	
158700	6171.6104	
158800	5819.9829	
158900	5687.9321	
159000	5429.2202	
159100	4963.3896	
159200	5277.1187	
159300	5571.6270	
159400	5046.8306	
159500	5067.7798	
159600	5006.9321	
159700	5044.1523	
159800	5413.0337	
159900	5048.8135	
160000	5788.3560	
160100	4935.3389	
160200	4514.1357	
160300	4857.2202	
160400	4714.5083	
160500	4301.7798	
160600	4967.3223	
160700	4774.3896	
160800	4991.4746	
160900	4670.5254	
161000	4063.8306	
161100	4859.6611	
161200	5062.3223	
161300	5376.5254	
161400	5673.4917	
161500	5405.1694	
161600	5992.9321	
161700	5622.4917	
161800	5508.0850	
161900	6627.5425	
162000	5375.9829	
162100	4807.4917	
162200	5976.4917	
162300	6941.5425	
162400	7689.0679	
162500	8637.4238	
162600	10783.8301	
162700	12393.6445	
162800	12233.5596	
162900	11749.8643	
163000	10972.9492	
163100	11081.0674	
163200	10776.7461	
163300	12102.7285	
163400	11157.5420	
163500	8282.5928	
163600	6879.0171	
163700	6764.2373	
163800	6508.1523	
163900	6519.9150	
164000	5099.4409	
164100	6286.1187	
164200	5934.5083	
164300	5263.0850	
164400	5514.2710	
164500	5321.2710	
164600	5584.3223	
164700	5218.8813	
164800	5015.1016	
164900	4817.3223	
165000	5905.0337	
165100	5684.7627	
165200	5341.8813	
165300	5383.1016	
165400	5309.6440	
165500	5550.0850	
165600	5122.5591	
165700	5536.2036	
165800	5677.4067	
165900	5336.1865	
166000	4870.6440	
166100	5262.4067	
166200	5960.5762	
166300	5141.7456	
166400	5347.3052	
166500	4740.0850	
166600	5985.8984	
166700	4618.7798	
166800	5709.0171	
166900	5390.0171	
167000	5069.7456	
167100	5316.2036	
167200	6047.2881	
167300	4654.2373	
167400	5719.5591	
167500	5822.5762	
167600	7147.6270	
167700	6058.7456	
167800	5961.2881	
167900	4945.1694	
168000	5914.0337	
168100	4151.0679	
168200	5667.1694	
168300	5518.2036	
168400	5663.2881	
168500	5859.7798	
168600	5429.3223	
168700	6108.1187	
168800	6365.3730	
168900	6148.6104	
169000	7504.0508	
169100	6868.3223	
169200	6217.5083	
169300	6402.4575	
169400	6219.1865	
169500	5423.2544	
169600	5835.6948	
169700	6280.3389	
169800	5723.0337	
169900	5924.8643	
170000	5804.6104	
170100	5541.3896	
170200	5550.7627	
170300	5414.1016	
170400	5341.6777	
170500	5380.9829	
170600	4337.6611	
170700	5556.2544	
170800	5136.8135	
170900	5890.3896	
171000	5679.3052	
171100	4795.4238	
171200	5542.3560	
171300	4955.7798	
171400	6040.9829	
171500	5871.8643	
171600	5118.3052	
171700	4527.7627	
171800	4384.9492	
171900	5880.1016	
172000	5256.2202	
172100	5811.8984	
172200	5776.6104	
172300	5564.6270	
172400	5175.3560	
172500	5429.5591	
172600	4874.1016	
172700	5797.6777	
172800	5230.7798	
172900	5509.4746	
173000	6257.4746	
173100	4925.5254	
173200	5524.9829	
173300	6095.0508	
173400	6112.4746	
173500	5014.7456	
173600	5302.0679	
173700	6016.1865	
173800	5713.4575	
173900	5087.2036	
174000	5052.5933	
174100	4970.1694	
174200	5561.5254	
174300	5861.5425	
174400	6101.6104	
174500	5449.9321	
174600	6597.3223	
174700	5452.3052	
174800	4879.1865	
174900	5246.6270	
175000	4499.7456	
175100	4482.5762	
175200	4884.0337	
175300	4366.8477	
175400	6079.1357	
175500	5459.3730	
175600	5108.5083	
175700	5212.5933	
175800	5625.9492	
175900	4580.5425	
176000	4562.1523	
176100	5699.0000	
176200	5898.5762	
176300	4889.3223	
176400	4949.3223	
176500	4914.5591	
176600	5418.2544	
176700	5321.3560	
176800	5143.3560	
176900	5132.1694	
177000	5148.2373	
177100	5196.5083	
177200	6405.5083	
177300	5024.0679	
177400	5556.0679	
177500	4818.5933	
177600	5885.4238	
177700	5548.6777	
177800	4931.1187	
177900	5105.2036	
178000	4719.7627	
178100	4925.8813	
178200	5087.5083	
178300	5277.2036	
178400	4976.3560	
178500	5348.1187	
178600	5005.2710	
178700	5595.5425	
178800	5668.4575	
178900	5707.0171	
179000	5839.3223	
179100	5865.1357	
179200	5613.6270	
179300	6298.9492	
179400	5869.0337	
179500	5046.2202	
179600	5534.0679	
179700	5423.7798	
179800	5759.6948	
179900	5524.1523	
180000	4586.8135	
180100	5314.1357	
180200	6002.4409	
180300	5337.4917	
180400	6082.6270	
180500	5877.6104	
180600	5633.0000	
180700	6975.7627	
180800	6081.3560	
180900	5686.1016	
181000	5860.6440	
181100	6277.3223	
181200	6643.1187	
181300	5068.0337	
181400	5974.7290	
181500	5786.6104	
181600	6390.1357	
181700	6150.2202	
181800	6106.0679	
181900	7446.9663	
182000	8747.2207	
182100	8955.8643	
182200	11415.3047	
182300	12164.6445	
182400	13298.4072	
182500	13063.0508	
182600	12925.5088	
182700	11756.3389	
182800	10464.7285	
182900	11218.0508	
183000	11036.3555	
183100	11269.6777	
183200	10547.9326	
183300	9993.9834	
183400	7978.8135	
183500	8094.8984	
183600	6762.8813	
183700	6873.0337	
183800	5920.3389	
183900	7046.1016	
184000	6018.0679	
184100	6502.0337	
184200	5915.7627	
184300	6634.9150	
184400	5557.8306	
184500	6003.3560	
184600	5644.6270	
184700	4683.0000	
184800	5431.5425	
184900	5588.0000	
185000	6494.0679	
185100	5833.6948	
185200	5406.5591	
185300	5529.1016	
185400	5298.0000	
185500	6343.6777	
185600	5648.7119	
185700	5883.0000	
185800	6369.0337	
185900	5928.9492	
186000	6330.6104	
186100	5506.7964	
186200	5987.1016	
186300	6266.6777	
186400	6290.7119	
186500	5215.7964	
186600	5999.2036	
186700	6219.8813	
186800	5929.5933	
186900	6579.6440	
187000	6277.8813	
187100	5442.0337	
187200	6055.2881	
187300	4728.0000	
187400	6054.8477	
187500	5142.4067	
187600	5417.1187	
187700	5615.2373	
187800	5262.8135	
187900	4916.2036	
188000	5481.1016	
188100	6087.3223	
188200	6095.4917	
188300	5195.8643	
188400	6090.4746	
188500	6201.2881	
188600	5346.2710	
188700	6629.9492	
188800	5668.7290	
188900	6133.4917	
189000	6269.9829	
189100	5943.9492	
189200	5989.4746	
189300	7012.8306	
189400	5991.2544	
189500	6828.3389	
189600	7342.0850	
189700	6685.3560	
189800	5812.8306	
189900	5574.9492	
190000	6741.9829	
190100	6714.3730	
190200	6673.9150	
190300	4785.7119	
190400	6785.0679	
190500	5430.4238	
190600	5734.5254	
190700	5932.0171	
190800	5623.9663	
190900	6037.2710	
191000	6290.1016	
191100	6005.1694	
191200	5957.6777	
191300	5736.0000	
191400	6262.1865	
191500	5543.5591	
191600	4926.5762	
191700	4849.4575	
191800	5703.3223	
191900	4416.5425	
192000	3914.6440	
192100	3004.8813	
192200	3695.2712	
192300	3775.3899	
192400	3796.3220	
192500	4351.2710	
192600	2903.0679	
192700	3854.0847	
192800	3605.0000	
192900	3132.9321	
193000	3156.8306	
193100	2605.0168	
193200	3275.3728	
193300	2864.9492	
193400	2732.6948	
193500	2622.1187	
193600	2128.5085	
193700	3521.5762	
193800	3001.4067	
193900	3081.8306	
194000	3143.8474	
194100	3104.7795	
194200	3313.2205	
194300	2702.2712	
194400	3477.6611	
194500	3720.5762	
194600	3038.2542	
194700	4023.8813	
194800	2989.9492	
194900	2666.1865	
195000	3058.6948	
195100	3108.8135	
195200	2672.2373	
195300	2937.9492	
195400	2980.7966	
195500	3628.1865	
195600	3488.1865	
195700	2429.3560	
195800	3309.0679	
195900	3060.4407	
196000	3673.9153	
196100	3185.9661	
196200	2487.6272	
196300	1688.7457	
196400	2843.1694	
196500	2532.6948	
196600	2828.2881	
196700	3610.7288	
196800	2905.6272	
196900	3295.8645	
197000	3194.2205	
197100	3120.7795	
197200	2804.3728	
197300	2732.0000	
197400	2974.9153	
197500	3403.6780	
197600	2416.9832	
197700	2352.7966	
197800	3256.2205	
197900	3043.2373	
198000	2635.8813	
198100	2875.9153	
198200	3075.8306	
198300	2876.4067	
198400	3146.2542	
198500	2317.1694	
198600	3258.5933	
198700	3606.8135	
198800	3230.1526	
198900	3632.4746	
199000	2808.3052	
199100	2192.4915	
199200	3598.6948	
199300	3138.7119	
199400	2381.7288	
199500	2659.9153	
199600	2677.4746	
199700	2167.4575	
199800	2201.7288	
199900	3019.4407	
200000	2165.3389	
200100	3459.9661	
200200	2392.2205	
200300	2597.2712	
200400	2555.4407	
200500	2401.1694	
200600	3047.8813	
200700	2847.0508	
200800	2934.4575	
200900	3246.5933	
201000	3417.7458	
201100	2983.1865	
201200	2251.9492	
201300	2823.5933	
201400	3193.9832	
201500	2759.8135	
201600	3231.6611	
201700	2267.1526	
201800	2623.7458	
201900	2656.3389	
202000	2581.1018	
202100	1790.2543	
202200	2270.7966	
202300	2151.0679	
202400	2024.7288	
202500	1816.5424	
202600	1705.7288	
202700	1872.1187	
202800	1740.8983	
202900	1401.4237	
203000	1263.8813	
203100	1687.5763	
203200	1381.3729	
203300	1362.7627	
203400	923.5932	
203500	1837.0509	
203600	1202.5084	
203700	977.3220	
203800	1369.6949	
203900	1372.1526	
